  37.433	  20.702	  -4.362
  25.703	  74.765	   7.600
   9.906	  19.750	  44.125
   1.344	  -5.090	   8.055
  63.382	  55.037	  14.455
   3.330	  44.387	  15.147
  37.831	  37.404	  28.669
  29.892	   1.094	  27.311
  41.903	  50.895	  -6.914
  11.368	  15.171	  -8.482
  12.528	  17.238	  16.695
  10.433	  56.998	  -5.272
   6.919	  -3.959	  32.533
  24.802	  57.139	  24.185
  24.492	  38.081	   4.965
  52.508	  31.224	  11.494
  26.263	   1.773	   7.116
  44.955	  59.078	  21.470
  16.644	 -13.986	  17.389
  38.691	  17.672	  21.099
  43.932	  69.646	   5.561
  30.364	  56.396	   6.520
  18.745	  32.765	  24.191
  11.103	  60.870	  13.323
  28.057	  10.342	 -15.219
   0.216	  15.644	  29.004
