  30.833	   2.639	  29.884
  -5.568	  95.812	  11.625
  54.304	  60.980	  -1.704
 -25.960	  31.922	  38.202
   8.836	  44.034	   4.982
  -1.385	  69.600	  50.128
  38.287	  47.139	  34.801
  39.518	  11.620	  67.926
 -26.560	  61.588	  13.254
  -4.584	   9.873	  16.323
  27.124	  79.010	  19.456
  35.719	  24.711	   2.984
   8.620	   2.337	  52.599
  17.836	  28.421	  27.463
  27.621	  60.153	 -11.996
  17.724	   0.388	   1.405
  -0.103	  68.231	  21.747
  -2.344	  38.546	  49.737
 -20.844	  81.938	  31.432
  45.866	  21.917	  39.927
 -18.401	  37.545	   6.859
  22.384	  23.580	  51.212
  53.718	  39.541	  17.989
  29.796	  54.838	  14.057
  -5.091	  30.830	  26.946
 -15.144	  50.975	  29.556
