  -4.995	 -32.674	  12.084
  -6.688	  46.792	  48.913
   7.945	  27.189	 -46.821
 -18.247	  -6.014	  62.110
  22.355	  25.981	   6.671
  17.245	 -20.742	 -28.866
 -14.696	  10.087	  17.582
 -17.599	  -4.749	 -21.416
  -5.724	 -10.552	 -56.717
  16.713	  -6.524	  14.612
 -30.647	  23.148	  51.002
  -2.333	  23.095	 -16.968
   1.623	  16.756	  43.797
  22.905	  10.069	 -16.764
  -4.377	 -27.855	 -13.715
  19.026	   1.038	 -41.989
  -2.003	  -0.432	  -1.676
   0.400	  29.138	  22.449
   1.774	 -18.441	  30.113
  15.010	 -41.020	 -15.891
  18.698	  14.993	  27.010
  -6.315	   7.299	 -41.763
 -24.918	   4.472	  37.496
 -20.660	 -11.694	  16.810
 -19.232	  26.873	  32.436
  13.010	 -18.812	  -2.920
