  25.712	   6.508	  44.349
 -26.187	  30.407	  54.540
  26.205	  -7.119	  80.083
  -7.877	  -1.318	  61.431
   5.205	  35.638	  40.680
  30.239	  26.147	  76.371
  -4.770	   7.141	  31.302
   0.637	  23.840	  73.220
  44.211	  -1.089	  62.646
  17.277	  25.173	  57.735
  12.611	   3.502	  66.080
  38.177	  20.572	  55.910
 -10.664	  22.312	  43.861
 -23.340	  10.087	  55.534
  37.365	   9.422	  77.496
   9.236	  13.946	  43.930
  27.335	  -7.279	  60.897
 -11.638	  32.832	  63.483
   1.269	  20.127	  56.971
  26.675	  11.712	  64.554
   0.109	   0.812	  44.833
 -10.103	  12.883	  66.825
   0.205	  22.448	  33.707
  22.927	   6.797	  81.543
 -20.447	  21.908	  64.033
  36.891	   7.375	  52.296
