  76.454	  10.993	  41.504
  17.463	  18.521	  48.719
  78.509	  29.162	  82.769
  50.001	  -3.540	  68.209
  50.643	  38.473	  53.114
  46.126	  14.942	  29.332
  86.090	  37.060	  56.720
  41.342	  22.464	  73.468
  89.816	  10.716	  65.043
  64.849	  17.168	  62.704
  27.897	  39.743	  45.435
  31.799	  -0.232	  51.841
  68.648	  -3.781	  57.547
  47.003	  15.298	  51.794
  61.423	   6.015	  81.709
  65.170	  25.614	  33.681
  27.115	  32.547	  64.389
  42.543	  33.563	  33.972
  68.853	  36.339	  67.652
  68.786	  36.476	  48.953
  55.400	   3.052	  40.099
  29.402	  12.549	  63.788
  31.773	  19.648	  38.936
  84.362	   0.303	  53.163
  77.335	  15.077	  75.202
  78.483	  24.798	  52.367
