   1.708	  21.641	  56.809
  11.850	  28.300	  -0.565
 -17.312	  15.360	  22.949
  23.588	   5.577	  24.746
   5.142	  41.816	  29.293
  25.681	  27.108	  48.625
 -18.825	  29.733	  43.024
   2.044	   8.919	  35.849
  -9.858	  34.566	   5.799
  24.273	  31.278	  20.707
   8.664	  15.427	  15.537
 -16.403	  34.766	  23.494
   6.550	  41.307	  10.563
  14.088	  22.149	  32.261
  10.823	  36.888	  44.536
  -2.534	  24.742	  35.024
  -4.255	  25.172	  17.909
 -13.028	  16.880	  45.318
  -2.995	  31.656	  48.355
  19.987	   9.050	  10.890
  10.482	  20.011	  45.294
  -0.761	  23.978	   1.724
 -11.114	   7.597	  31.869
   9.605	  28.390	  13.274
   9.718	  12.759	   2.710
  21.615	  22.298	   5.165
