  16.100	  37.415	   4.008
  44.971	  12.301	  54.528
  32.404	  -7.268	  12.191
  -1.427	  10.901	  32.921
  26.142	  42.083	  39.999
   8.315	   6.000	  -1.232
  35.477	  21.768	  20.449
  17.425	 -10.706	  32.737
  25.685	  12.946	  41.084
  35.567	  15.013	  -1.915
  13.856	  26.557	  25.115
  10.959	  -8.697	  12.735
  43.078	   2.174	  26.678
  31.889	  41.781	  20.698
  30.555	  27.503	  54.123
  41.467	  23.415	  38.456
  20.987	  19.744	   8.820
   4.741	   7.798	  16.202
  24.991	   3.878	  26.676
  24.148	   3.252	  -0.974
  32.339	  30.442	   7.662
  39.198	   7.794	  12.829
  22.174	  27.224	  41.065
  32.180	  31.334	  30.280
  16.845	  12.835	  19.630
  23.629	  47.247	   9.314
