  10.728	  13.519	 -24.160
 -34.771	   4.730	 -16.694
  -4.062	  -7.641	  -1.340
  11.552	  18.448	   5.337
 -11.772	  20.762	  -9.778
 -12.315	  -6.637	 -26.366
 -12.946	  13.666	 -29.644
 -19.527	   5.355	  -1.019
  23.477	  22.039	 -13.593
   8.647	   1.735	 -10.166
   7.880	  29.926	 -17.337
 -26.309	   4.901	 -34.607
  -2.986	   8.524	  -1.175
 -27.046	  17.904	 -12.015
 -16.543	   6.235	 -16.413
  20.658	   7.844	 -15.826
 -14.015	  -7.186	 -12.346
  -3.832	   4.675	 -22.335
   2.289	  20.243	  -6.186
 -25.313	  -4.391	 -17.673
  15.749	   9.014	  -2.609
  -0.364	  16.241	 -19.633
 -14.445	  -4.267	   3.197
  16.286	  22.549	  -4.536
  -3.399	   3.056	 -11.305
 -11.942	  21.209	 -20.763
