  12.232	  -5.159	  59.728
  26.530	  48.441	  17.568
  56.292	  16.526	  37.575
  14.032	  33.700	  51.699
  20.597	   8.326	  24.332
  22.554	  17.418	  80.257
  47.475	  31.787	  16.868
  30.965	  13.865	  47.237
  35.949	  40.277	  37.941
   5.562	  11.405	  42.136
  17.179	  31.581	  29.139
  37.190	  18.571	  25.617
   8.913	  20.406	  67.573
  20.326	  -0.005	  41.467
  50.223	  32.846	  33.400
  27.270	  27.631	  40.227
  36.926	   4.782	  32.373
  21.243	  22.706	  58.519
  30.784	  34.951	  19.981
  20.707	  43.591	  36.017
  25.605	   4.329	  56.201
  42.199	  24.356	  40.943
  23.421	  15.292	  35.546
   8.584	  22.860	  35.789
   8.815	  20.900	  53.942
   8.538	  36.327	  40.175
