  28.280	  49.677	  10.777
  36.499	 -26.365	  44.686
  79.888	  26.359	   1.068
   1.126	   5.980	  20.650
  48.180	  19.907	  42.762
  60.655	  56.294	  31.898
  31.521	  17.692	  -2.668
  52.075	  -0.655	  17.324
  19.025	   7.674	  49.986
  57.755	  50.316	  -1.760
  23.960	  -7.914	  12.633
  60.819	  28.399	  20.833
  17.446	  25.864	  26.900
  56.576	 -11.709	  40.718
  34.021	   3.773	  31.874
  39.557	  -2.010	  56.446
  39.594	  23.943	  16.550
  45.138	  43.266	  24.426
  12.078	  -8.868	  30.969
  15.904	  34.060	   3.986
  60.513	  14.121	   5.934
  46.462	  33.434	  -0.337
  71.968	  41.638	  10.960
  64.190	  32.159	  -7.259
  54.023	  61.322	  12.861
  39.755	 -13.399	  30.100
