  37.592	  10.163	  35.614
  16.241	 -51.770	 -31.846
  28.822	 -54.312	  40.626
  55.357	  -2.492	 -23.406
   4.740	  -1.903	  -5.320
  58.980	 -27.864	  18.766
   6.797	 -18.434	  35.153
  25.369	 -41.142	   5.440
  23.137	 -16.169	 -32.857
  36.668	  -6.647	   3.709
  47.672	 -34.523	 -19.572
  35.712	 -26.118	  50.725
   7.168	 -30.927	 -12.604
  57.756	  -7.527	  36.580
  27.521	   6.946	 -16.602
  17.617	   0.464	  19.608
  28.865	 -26.031	  27.086
   7.676	 -42.478	  30.647
  23.351	  -5.712	  46.644
  35.566	 -38.784	 -39.566
  47.653	 -43.603	  31.835
  14.279	 -21.215	  10.540
  31.904	 -54.896	 -10.555
  49.196	 -41.870	   5.388
  25.132	 -18.821	  -9.588
  44.911	 -16.795	 -32.628
