  -3.982	  28.215	  83.642
 -26.306	  80.657	  78.031
  20.368	  68.460	  72.721
  -3.899	  61.269	 100.593
 -32.168	  46.022	  70.902
  -7.514	  64.443	  62.454
 -29.528	  59.104	  90.766
   8.821	  47.616	  80.359
 -16.997	  43.022	 101.773
  -3.874	  74.379	  82.333
 -11.374	  47.030	  75.858
  13.462	  75.785	  92.285
 -23.002	  32.408	  82.339
  -0.211	  41.161	  96.193
 -22.131	  61.284	  71.884
 -12.684	  73.975	  95.844
   5.955	  62.686	  79.923
 -19.024	  49.254	  88.701
  10.348	  60.893	  93.661
  13.175	  56.210	  69.647
 -18.288	  68.607	  83.230
 -11.914	  37.865	  90.493
 -10.880	  31.507	  72.644
 -15.854	  60.120	  96.363
  -4.397	  53.234	  91.176
 -33.977	  63.037	  80.058
