  -6.560	  73.660	  32.823
  19.627	  18.647	  20.567
  -9.740	  35.245	  45.599
   8.235	  46.190	   5.340
  17.651	  49.045	  36.110
  -8.644	  22.200	  15.699
  -6.605	  53.635	  21.713
   3.740	  20.229	  37.576
 -13.122	  55.236	  41.652
  12.733	  68.380	  28.231
  23.488	  37.057	  21.232
   2.188	  37.685	  22.422
  19.992	  32.768	  41.258
   3.644	  50.343	  45.968
   9.775	  27.892	  10.019
 -10.889	  25.145	  32.600
  10.781	  51.394	  19.610
 -10.018	  40.802	  31.464
   3.916	  34.088	  41.289
 -16.178	  62.702	  30.499
  -2.238	  66.617	  21.754
  11.423	  31.022	  29.670
  -2.529	  51.718	  34.072
  23.397	  50.230	  24.614
   3.872	  20.951	  18.909
   5.035	  61.077	  39.598
