  17.954	  27.602	  57.901
  25.870	 -16.596	 -11.467
 -15.433	   3.608	  21.606
  -2.228	  -8.462	  58.676
  -1.212	  14.486	 -14.918
  20.701	  -4.148	  23.530
   8.022	  29.165	  20.062
 -10.584	  20.374	  59.138
  35.731	   8.347	   0.293
   6.220	  -4.961	   1.083
   0.447	   6.935	  39.728
  39.456	 -15.377	   8.582
  21.401	   4.953	  59.073
  20.742	  16.739	 -15.480
  -1.901	   6.947	  73.864
  13.332	  15.599	   3.984
   4.238	  26.779	  41.698
  -2.755	 -10.656	  26.146
 -14.929	   1.014	  46.999
  -7.697	  18.577	  16.509
  23.378	  -0.322	  -7.575
   7.112	  -8.425	  41.339
  18.473	 -17.863	   3.313
  16.916	   4.134	  38.538
   4.607	   8.814	  55.119
   5.461	   8.114	  15.671
