  26.700	 -32.028	  45.708
 -42.758	  63.292	  -7.516
 -40.068	   7.771	  50.341
  19.254	  20.798	 -13.861
  -2.065	  53.784	  29.133
 -21.201	 -17.773	   6.472
   7.122	  11.999	  51.914
 -25.710	 -32.084	  68.713
 -24.197	  18.990	 -21.294
   2.904	  61.184	 -17.316
 -45.091	  40.396	  25.717
  23.239	  -2.107	  17.931
  -9.392	  15.443	  17.569
 -47.069	   9.552	   7.764
  -9.422	 -19.568	  39.084
  24.529	  33.014	  22.595
 -21.730	  35.954	  49.841
 -22.516	  41.760	   0.494
   1.128	  -2.591	  -8.782
 -18.657	  -5.715	  62.498
   5.604	  38.226	   1.891
  12.200	 -48.283	  29.625
 -34.895	  -3.380	  26.766
  16.072	  44.800	 -32.422
  14.624	  -9.998	  40.980
 -17.720	  13.137	  41.953
