 -30.582	 -20.763	  57.829
  -2.959	  26.322	 -18.379
  11.114	 -12.758	  20.851
  10.546	  -6.398	  66.192
  17.148	  27.751	  15.041
 -23.336	 -29.820	  19.651
 -16.712	  13.707	  21.897
  -6.143	  -0.595	  -3.869
 -13.940	   7.471	  55.451
  -0.942	 -26.260	  44.054
  18.335	   9.476	  -5.623
 -16.187	  -8.504	  35.574
 -22.802	  12.836	 -14.752
   1.642	   7.200	  34.240
 -11.436	  24.833	   2.498
 -11.220	 -11.972	  14.390
  -8.728	 -13.298	  62.950
   9.827	   6.743	  13.976
   9.613	  -8.614	  45.147
   6.738	  30.041	  -2.780
  -2.298	 -26.257	  21.822
  28.907	  15.640	   9.029
  -1.399	 -16.062	  78.640
   0.688	  21.554	  13.697
 -16.872	 -22.686	  47.803
 -18.004	   9.459	   5.886
